object={
	name="tree_leaf_high_generator_1_0"
	clamp_to_water_level=no
	render_under_water=no
	generated_content=yes
	layer="tree_high_layer"
	pdxmesh="tree_leaf_01_a_mesh"
	count=540
	transform="6976.062988 0.000000 4341.246094 0.000000 0.272043 0.000000 -0.962285 0.825870 0.825870 0.825870
6970.890137 0.000000 4344.726074 0.000000 0.770198 0.000000 -0.637805 0.820721 0.820721 0.820721
7005.236816 0.000000 4333.181152 0.000000 0.990482 0.000000 -0.137646 0.803861 0.803861 0.803861
7094.642090 0.000000 4311.359375 0.000000 0.992013 0.000000 0.126136 0.798737 0.798737 0.798737
7055.873047 0.000000 4344.739258 0.000000 0.188065 0.000000 -0.982157 0.827594 0.827594 0.827594
7095.171875 0.000000 4325.340332 0.000000 0.325243 0.000000 -0.945630 0.842086 0.842086 0.842086
7012.079102 0.000000 4332.235840 0.000000 0.933171 0.000000 0.359434 0.786783 0.786783 0.786783
7013.198730 0.000000 4342.250977 0.000000 0.357479 0.000000 -0.933921 0.845735 0.845735 0.845735
7094.383789 0.000000 4321.392090 0.000000 0.180628 0.000000 0.983552 0.722314 0.722314 0.722314
7008.793945 0.000000 4334.308594 0.000000 0.851816 0.000000 0.523841 0.773572 0.773572 0.773572
7097.464355 0.000000 4318.054199 0.000000 0.113892 0.000000 0.993493 0.706903 0.706903 0.706903
7063.214844 0.000000 4349.419434 0.000000 0.189579 0.000000 0.981866 0.686991 0.686991 0.686991
7195.335449 0.000000 4328.484863 0.000000 0.861345 0.000000 0.508020 0.790421 0.790421 0.790421
7103.533691 0.000000 4338.144043 0.000000 0.255441 0.000000 0.966825 0.776408 0.776408 0.776408
7186.808105 0.000000 4351.160645 0.000000 0.794294 0.000000 0.607534 0.783047 0.783047 0.783047
7162.874512 0.000000 4344.726074 0.000000 0.905694 0.000000 0.423932 0.789508 0.789508 0.789508
7108.071289 0.000000 4332.235840 0.000000 0.523381 0.000000 -0.852099 0.838706 0.838706 0.838706
7197.221191 0.000000 4333.181152 0.000000 0.868621 0.000000 -0.495477 0.818636 0.818636 0.818636
7107.434570 0.000000 4349.702148 0.000000 0.795662 0.000000 -0.605740 0.824692 0.824692 0.824692
7115.334961 0.000000 4338.717773 0.000000 0.869302 0.000000 -0.494281 0.818587 0.818587 0.818587
7150.912598 0.000000 4341.297852 0.000000 0.924745 0.000000 0.380586 0.778166 0.778166 0.778166
7144.396484 0.000000 4350.283203 0.000000 0.999303 0.000000 -0.037332 0.802088 0.802088 0.802088
7148.729492 0.000000 4343.745605 0.000000 0.177444 0.000000 -0.984131 0.891772 0.891772 0.891772
7148.190430 0.000000 4350.268555 0.000000 0.358646 0.000000 -0.933474 0.917827 0.917827 0.917827
7152.950684 0.000000 4348.322266 0.000000 0.758032 0.000000 0.652217 0.719114 0.719114 0.719114
7289.774414 0.000000 4293.272949 0.000000 0.990366 0.000000 -0.138475 0.800832 0.800832 0.800832
7283.085449 0.000000 4270.615234 0.000000 0.897942 0.000000 0.440114 0.796359 0.796359 0.796359
7221.916992 0.000000 4299.310547 0.000000 0.143416 0.000000 -0.989662 0.814249 0.814249 0.814249
7256.647949 0.000000 4298.332031 0.000000 0.897288 0.000000 -0.441445 0.806392 0.806392 0.806392
7270.017090 0.000000 4349.679199 0.000000 0.899480 0.000000 -0.436962 0.807226 0.807226 0.807226
7249.465820 0.000000 4338.573242 0.000000 0.968019 0.000000 0.250877 0.795442 0.795442 0.795442
7226.420410 0.000000 4346.105469 0.000000 0.338569 0.000000 -0.940942 0.826922 0.826922 0.826922
7229.932617 0.000000 4291.715332 0.000000 0.999910 0.000000 0.013398 0.799572 0.799572 0.799572
7240.120605 0.000000 4331.631836 0.000000 0.802389 0.000000 -0.596801 0.817882 0.817882 0.817882
7252.562012 0.000000 4301.296875 0.000000 0.410191 0.000000 -0.911999 0.843569 0.843569 0.843569
7264.417480 0.000000 4312.630859 0.000000 0.002227 0.000000 -0.999997 0.846992 0.846992 0.846992
7203.426758 0.000000 4349.702148 0.000000 0.193976 0.000000 0.981006 0.756042 0.756042 0.756042
7266.560059 0.000000 4270.960449 0.000000 0.999161 0.000000 -0.040966 0.801555 0.801555 0.801555
7283.874023 0.000000 4290.061035 0.000000 0.996839 0.000000 -0.079447 0.802859 0.802859 0.802859
7287.396484 0.000000 4297.276855 0.000000 0.895014 0.000000 0.446038 0.775992 0.775992 0.775992
7223.055664 0.000000 4334.439453 0.000000 0.999847 0.000000 0.017518 0.799300 0.799300 0.799300
7260.463379 0.000000 4338.809082 0.000000 0.740716 0.000000 -0.671818 0.829426 0.829426 0.829426
7260.509766 0.000000 4297.505371 0.000000 0.427045 0.000000 -0.904230 0.856401 0.856401 0.856401
7234.784180 0.000000 4292.170898 0.000000 0.936869 0.000000 -0.349681 0.820691 0.820691 0.820691
7269.914551 0.000000 4273.617676 0.000000 0.992572 0.000000 0.121662 0.790987 0.790987 0.790987
7243.609863 0.000000 4330.781250 0.000000 0.219099 0.000000 -0.975703 0.878186 0.878186 0.878186
7273.464355 0.000000 4273.507812 0.000000 0.875001 0.000000 -0.484121 0.836336 0.836336 0.836336
7279.226074 0.000000 4323.792480 0.000000 0.962249 0.000000 0.272172 0.782933 0.782933 0.782933
7251.153320 0.000000 4304.467773 0.000000 0.312993 0.000000 0.949755 0.724957 0.724957 0.724957
7242.076172 0.000000 4293.449219 0.000000 0.324148 0.000000 -0.946006 0.876816 0.876816 0.876816
7278.970703 0.000000 4276.600586 0.000000 0.656303 0.000000 0.754498 0.743655 0.743655 0.743655
7280.786133 0.000000 4279.751953 0.000000 0.959848 0.000000 0.280521 0.783531 0.783531 0.783531
7248.600098 0.000000 4300.011230 0.000000 0.980449 0.000000 -0.196774 0.815032 0.815032 0.815032
7269.753418 0.000000 4339.229004 0.000000 0.305604 0.000000 0.952159 0.704355 0.704355 0.704355
7259.062988 0.000000 4335.788086 0.000000 0.948478 0.000000 -0.316842 0.820605 0.820605 0.820605
7281.855957 0.000000 4317.718262 0.000000 0.558153 0.000000 0.829738 0.713999 0.713999 0.713999
7289.955566 0.000000 4331.533203 0.000000 0.662438 0.000000 -0.749117 0.867645 0.867645 0.867645
7275.720703 0.000000 4276.525879 0.000000 0.689757 0.000000 -0.724041 0.872767 0.872767 0.872767
7283.918457 0.000000 4323.615234 0.000000 0.184938 0.000000 -0.982750 0.896801 0.896801 0.896801
7231.982910 0.000000 4294.158691 0.000000 0.649516 0.000000 0.760348 0.744790 0.744790 0.744790
7262.972656 0.000000 4289.367676 0.000000 0.410783 0.000000 0.911733 0.701453 0.701453 0.701453
7294.275879 0.000000 4307.397949 0.000000 0.221463 0.000000 -0.975169 0.923797 0.923797 0.923797
7252.712891 0.000000 4310.634766 0.000000 0.406763 0.000000 -0.913534 0.908128 0.908128 0.908128
7268.819336 0.000000 4322.945801 0.000000 0.890011 0.000000 0.455940 0.763124 0.763124 0.763124
7236.959961 0.000000 4319.439453 0.000000 0.318376 0.000000 0.947964 0.677984 0.677984 0.677984
7283.333984 0.000000 4329.230469 0.000000 0.927642 0.000000 -0.373471 0.828284 0.828284 0.828284
7217.183594 0.000000 4333.329590 0.000000 0.785288 0.000000 -0.619131 0.865338 0.865338 0.865338
7221.019043 0.000000 4340.546875 0.000000 0.149110 0.000000 0.988821 0.692143 0.692143 0.692143
7278.088867 0.000000 4282.701660 0.000000 0.863040 0.000000 -0.505136 0.849708 0.849708 0.849708
7265.169922 0.000000 4333.855957 0.000000 0.958518 0.000000 -0.285031 0.827709 0.827709 0.827709
7228.614258 0.000000 4299.374512 0.000000 0.020561 0.000000 -0.999789 0.911463 0.911463 0.911463
7205.265137 0.000000 4329.283691 0.000000 0.999993 0.000000 0.003765 0.799684 0.799684 0.799684
7234.073730 0.000000 4318.678711 0.000000 0.117347 0.000000 -0.993091 0.910289 0.910289 0.910289
7238.780762 0.000000 4294.785645 0.000000 0.765205 0.000000 -0.643786 0.861465 0.861465 0.861465
7231.995117 0.000000 4310.107910 0.000000 0.376740 0.000000 -0.926319 0.915923 0.915923 0.915923
7276.805176 0.000000 4328.067383 0.000000 0.590428 0.000000 -0.807090 0.891915 0.891915 0.891915
7290.193359 0.000000 4349.465332 0.000000 0.420653 0.000000 0.907222 0.677413 0.677413 0.677413
7228.632812 0.000000 4303.376465 0.000000 0.988167 0.000000 -0.153381 0.812302 0.812302 0.812302
7203.543457 0.000000 4335.372070 0.000000 0.748587 0.000000 -0.663036 0.878178 0.878178 0.878178
7279.718750 0.000000 4314.376953 0.000000 0.862103 0.000000 0.506734 0.751179 0.751179 0.751179
7204.501953 0.000000 4344.991699 0.000000 0.986718 0.000000 -0.162440 0.814339 0.814339 0.814339
7218.819824 0.000000 4343.544922 0.000000 0.339216 0.000000 -0.940709 0.927194 0.927194 0.927194
7269.148926 0.000000 4325.901367 0.000000 0.995486 0.000000 0.094912 0.791267 0.791267 0.791267
7265.421387 0.000000 4285.153809 0.000000 0.981430 0.000000 -0.191820 0.824672 0.824672 0.824672
7293.098633 0.000000 4311.806641 0.000000 0.625167 0.000000 0.780491 0.698059 0.698059 0.698059
7259.878418 0.000000 4320.532715 0.000000 0.080976 0.000000 0.996716 0.627430 0.627430 0.627430
7269.713867 0.000000 4276.958984 0.000000 0.209376 0.000000 0.977835 0.661486 0.661486 0.661486
7285.406250 0.000000 4313.775391 0.000000 0.944467 0.000000 -0.328607 0.840124 0.840124 0.840124
7248.349609 0.000000 4328.427246 0.000000 0.517903 0.000000 -0.855439 0.929148 0.929148 0.929148
7294.010742 0.000000 4321.486816 0.000000 0.413801 0.000000 -0.910367 0.923400 0.923400 0.923400
7282.176758 0.000000 4301.453125 0.000000 0.424656 0.000000 0.905355 0.653015 0.653015 0.653015
7256.102051 0.000000 4316.152832 0.000000 0.316125 0.000000 -0.948718 0.939712 0.939712 0.939712
7293.467285 0.000000 4326.950684 0.000000 0.997070 0.000000 0.076492 0.791589 0.791589 0.791589
7274.333496 0.000000 4337.027832 0.000000 0.347859 0.000000 -0.937547 0.938377 0.938377 0.938377
7273.949219 0.000000 4307.557129 0.000000 0.255296 0.000000 0.966863 0.666295 0.666295 0.666295
7294.212891 0.000000 4351.014648 0.000000 0.702620 0.000000 -0.711565 0.888551 0.888551 0.888551
7295.110840 0.000000 4340.833008 0.000000 0.964661 0.000000 0.263496 0.770710 0.770710 0.770710
7242.707520 0.000000 4299.107422 0.000000 0.630250 0.000000 -0.776392 0.913625 0.913625 0.913625
7207.266113 0.000000 4343.821777 0.000000 0.906003 0.000000 -0.423271 0.851501 0.851501 0.851501
7268.153320 0.000000 4335.004395 0.000000 0.999755 0.000000 0.022141 0.797789 0.797789 0.797789
7284.961426 0.000000 4306.692871 0.000000 0.390184 0.000000 0.920737 0.627084 0.627084 0.627084
7294.651855 0.000000 4346.297363 0.000000 0.976410 0.000000 -0.215925 0.824777 0.824777 0.824777
7294.254395 0.000000 4335.516602 0.000000 0.428539 0.000000 0.903523 0.680605 0.680605 0.680605
7281.742676 0.000000 4310.802246 0.000000 0.867566 0.000000 0.497323 0.736585 0.736585 0.736585
7261.786133 0.000000 4328.686035 0.000000 0.726155 0.000000 -0.687532 0.884788 0.884788 0.884788
7246.943359 0.000000 4305.843262 0.000000 0.619797 0.000000 -0.784763 0.924347 0.924347 0.924347
7291.723633 0.000000 4319.065430 0.000000 0.925489 0.000000 0.378774 0.758879 0.758879 0.758879
7250.536133 0.000000 4309.304199 0.000000 0.998966 0.000000 0.045463 0.794823 0.794823 0.794823
7248.115723 0.000000 4309.645020 0.000000 0.047930 0.000000 0.998851 0.581013 0.581013 0.581013
7207.287109 0.000000 4334.979980 0.000000 0.969476 0.000000 -0.245187 0.834137 0.834137 0.834137
7270.851562 0.000000 4279.109375 0.000000 0.865708 0.000000 0.500549 0.728803 0.728803 0.728803
7293.782715 0.000000 4316.190918 0.000000 0.241474 0.000000 0.970407 0.651591 0.651591 0.651591
7284.176758 0.000000 4311.464355 0.000000 0.537930 0.000000 0.842990 0.667811 0.667811 0.667811
7239.101562 0.000000 4318.291504 0.000000 0.412141 0.000000 0.911120 0.628338 0.628338 0.628338
7240.126465 0.000000 4322.927246 0.000000 0.925097 0.000000 0.379731 0.751768 0.751768 0.751768
7278.154297 0.000000 4300.978516 0.000000 0.923089 0.000000 0.384586 0.739291 0.739291 0.739291
7269.221191 0.000000 4281.292480 0.000000 0.208030 0.000000 0.978122 0.604253 0.604253 0.604253
7271.247070 0.000000 4299.505371 0.000000 0.249409 0.000000 0.968398 0.578760 0.578760 0.578760
7265.000488 0.000000 4287.526367 0.000000 0.768211 0.000000 0.640197 0.704256 0.704256 0.704256
7275.102051 0.000000 4301.191895 0.000000 0.963800 0.000000 -0.266625 0.844740 0.844740 0.844740
7245.950684 0.000000 4301.851562 0.000000 0.851645 0.000000 -0.524119 0.863907 0.863907 0.863907
7247.545410 0.000000 4326.189453 0.000000 0.431045 0.000000 0.902331 0.635955 0.635955 0.635955
7264.789551 0.000000 4291.278320 0.000000 0.253299 0.000000 -0.967388 0.957547 0.957547 0.957547
7266.667969 0.000000 4295.716797 0.000000 0.852373 0.000000 0.522935 0.720868 0.720868 0.720868
7212.415527 0.000000 4340.766113 0.000000 0.621716 0.000000 0.783243 0.654423 0.654423 0.654423
7239.068359 0.000000 4314.327637 0.000000 0.986244 0.000000 0.165293 0.769820 0.769820 0.769820
7276.044922 0.000000 4284.350098 0.000000 0.990445 0.000000 0.137907 0.782040 0.782040 0.782040
7272.918457 0.000000 4283.416016 0.000000 0.618245 0.000000 -0.785986 0.946293 0.946293 0.946293
7235.605957 0.000000 4298.386230 0.000000 0.994504 0.000000 -0.104694 0.813616 0.813616 0.813616
7266.347168 0.000000 4298.051758 0.000000 0.563901 0.000000 0.825842 0.675795 0.675795 0.675795
7252.025391 0.000000 4319.861328 0.000000 0.946199 0.000000 0.323586 0.742085 0.742085 0.742085
7278.600098 0.000000 4297.859375 0.000000 0.979531 0.000000 -0.201296 0.830360 0.830360 0.830360
7247.891113 0.000000 4318.273438 0.000000 0.978993 0.000000 -0.203893 0.838959 0.838959 0.838959
7285.818359 0.000000 4309.215820 0.000000 0.493650 0.000000 -0.869660 0.949534 0.949534 0.949534
7268.641113 0.000000 4289.190430 0.000000 0.264088 0.000000 0.964498 0.565687 0.565687 0.565687
7239.188965 0.000000 4305.368164 0.000000 0.647117 0.000000 -0.762391 0.964503 0.964503 0.964503
7209.154297 0.000000 4339.202148 0.000000 0.881242 0.000000 0.472666 0.724288 0.724288 0.724288
7271.689941 0.000000 4286.372559 0.000000 0.381958 0.000000 0.924180 0.583385 0.583385 0.583385
7252.266602 0.000000 4327.382812 0.000000 0.268442 0.000000 0.963296 0.608010 0.608010 0.608010
7281.370117 0.000000 4308.645508 0.000000 0.790177 0.000000 -0.612879 0.893548 0.893548 0.893548
7243.566406 0.000000 4315.783203 0.000000 0.575249 0.000000 0.817978 0.618253 0.618253 0.618253
7234.143066 0.000000 4309.735352 0.000000 0.499776 0.000000 -0.866155 0.956902 0.956902 0.956902
7275.257812 0.000000 4287.125488 0.000000 0.077206 0.000000 0.997015 0.561368 0.561368 0.561368
7243.780762 0.000000 4306.897949 0.000000 0.074766 0.000000 -0.997201 1.068901 1.068901 1.068901
7245.759277 0.000000 4321.883789 0.000000 0.402437 0.000000 -0.915448 1.014834 1.014834 1.014834
7268.647461 0.000000 4294.920410 0.000000 0.489552 0.000000 0.871974 0.622297 0.622297 0.622297
7274.906250 0.000000 4292.783203 0.000000 0.773593 0.000000 -0.633683 0.916511 0.916511 0.916511
7214.166016 0.000000 4337.767090 0.000000 0.284763 0.000000 0.958598 0.615642 0.615642 0.615642
7234.398926 0.000000 4301.621582 0.000000 0.829809 0.000000 -0.558048 0.888682 0.888682 0.888682
7243.258789 0.000000 4308.983398 0.000000 0.762716 0.000000 -0.646733 0.933441 0.933441 0.933441
7267.430664 0.000000 4291.263184 0.000000 0.078213 0.000000 -0.996937 1.050394 1.050394 1.050394
7247.241211 0.000000 4315.862793 0.000000 0.968621 0.000000 -0.248544 0.846654 0.846654 0.846654
7272.337402 0.000000 4289.960938 0.000000 0.116157 0.000000 -0.993231 1.073045 1.073045 1.073045
7243.239746 0.000000 4312.885254 0.000000 0.303952 0.000000 -0.952687 1.047002 1.047002 1.047002
7241.320801 0.000000 4302.176270 0.000000 0.240282 0.000000 -0.970703 1.020167 1.020167 1.020167
7240.829590 0.000000 4311.716797 0.000000 0.596265 0.000000 0.802788 0.619450 0.619450 0.619450
7242.293457 0.000000 4305.572266 0.000000 0.015974 0.000000 -0.999872 1.085692 1.085692 1.085692
6991.331543 0.000000 4438.012207 0.000000 0.935074 0.000000 -0.354452 0.805789 0.805789 0.805789
6989.156250 0.000000 4424.015625 0.000000 0.806190 0.000000 0.591657 0.788620 0.788620 0.788620
6985.649902 0.000000 4427.220703 0.000000 0.786145 0.000000 0.618042 0.772056 0.772056 0.772056
7032.585449 0.000000 4419.226074 0.000000 0.719254 0.000000 0.694747 0.793864 0.793864 0.793864
7050.969238 0.000000 4388.948730 0.000000 0.005487 0.000000 0.999985 0.787495 0.787495 0.787495
7045.955078 0.000000 4393.980469 0.000000 0.216135 0.000000 -0.976364 0.818915 0.818915 0.818915
7045.349609 0.000000 4469.059082 0.000000 0.832831 0.000000 0.553527 0.782427 0.782427 0.782427
7078.393066 0.000000 4375.543945 0.000000 0.206752 0.000000 -0.978393 0.843541 0.843541 0.843541
7054.347656 0.000000 4392.579590 0.000000 0.094498 0.000000 -0.995525 0.841275 0.841275 0.841275
7056.055664 0.000000 4363.811035 0.000000 0.159616 0.000000 -0.987179 0.859159 0.859159 0.859159
7064.757324 0.000000 4364.823730 0.000000 0.816903 0.000000 -0.576775 0.827013 0.827013 0.827013
7036.396973 0.000000 4415.367188 0.000000 0.741871 0.000000 0.670542 0.767707 0.767707 0.767707
7091.889648 0.000000 4418.045410 0.000000 0.723826 0.000000 -0.689982 0.833458 0.833458 0.833458
7062.240723 0.000000 4369.972656 0.000000 0.211186 0.000000 -0.977446 0.862382 0.862382 0.862382
7095.412109 0.000000 4425.261230 0.000000 0.839049 0.000000 0.544056 0.772425 0.772425 0.772425
7048.809570 0.000000 4465.114258 0.000000 0.850689 0.000000 0.525670 0.780101 0.780101 0.780101
7045.361328 0.000000 4398.152344 0.000000 0.070417 0.000000 0.997518 0.725088 0.725088 0.725088
7059.201660 0.000000 4477.878418 0.000000 0.976200 0.000000 0.216871 0.787338 0.787338 0.787338
7064.842773 0.000000 4399.535645 0.000000 0.126339 0.000000 0.991987 0.733662 0.733662 0.733662
7078.335938 0.000000 4355.741699 0.000000 0.678974 0.000000 -0.734162 0.834578 0.834578 0.834578
7077.456543 0.000000 4368.365234 0.000000 0.397223 0.000000 0.917722 0.728036 0.728036 0.728036
7043.245117 0.000000 4401.690430 0.000000 0.429791 0.000000 0.902928 0.732501 0.732501 0.732501
7076.599121 0.000000 4372.077148 0.000000 0.805636 0.000000 0.592410 0.765809 0.765809 0.765809
7072.233887 0.000000 4378.707520 0.000000 0.820870 0.000000 -0.571115 0.838850 0.838850 0.838850
7042.409180 0.000000 4358.067383 0.000000 0.911503 0.000000 0.411294 0.772910 0.772910 0.772910
7053.867676 0.000000 4465.884277 0.000000 0.585970 0.000000 0.810333 0.754716 0.754716 0.754716
7051.878906 0.000000 4352.441895 0.000000 0.975774 0.000000 0.218779 0.788547 0.788547 0.788547
7051.625488 0.000000 4458.765625 0.000000 0.957229 0.000000 0.289330 0.782999 0.782999 0.782999
7056.162598 0.000000 4463.149414 0.000000 0.325367 0.000000 0.945588 0.733165 0.733165 0.733165
7063.643555 0.000000 4471.076660 0.000000 0.993606 0.000000 -0.112899 0.808361 0.808361 0.808361
7061.167480 0.000000 4465.600098 0.000000 0.813390 0.000000 0.581719 0.760321 0.760321 0.760321
7090.282227 0.000000 4475.617188 0.000000 0.862640 0.000000 0.505818 0.759751 0.759751 0.759751
7070.007324 0.000000 4368.198242 0.000000 0.935044 0.000000 -0.354531 0.826781 0.826781 0.826781
7083.092285 0.000000 4410.231445 0.000000 0.875345 0.000000 0.483499 0.763716 0.763716 0.763716
7049.314453 0.000000 4368.691406 0.000000 0.673476 0.000000 -0.739209 0.843199 0.843199 0.843199
7079.899414 0.000000 4459.816895 0.000000 0.405562 0.000000 -0.914067 0.878309 0.878309 0.878309
7049.229004 0.000000 4359.010742 0.000000 0.151838 0.000000 -0.988405 0.910480 0.910480 0.910480
7074.690430 0.000000 4478.324219 0.000000 0.394771 0.000000 -0.918780 0.890743 0.890743 0.890743
7082.806641 0.000000 4477.925293 0.000000 0.999647 0.000000 0.026560 0.798037 0.798037 0.798037
7049.102539 0.000000 4456.403809 0.000000 0.999582 0.000000 0.028920 0.798094 0.798094 0.798094
7067.501953 0.000000 4404.858398 0.000000 0.941481 0.000000 -0.337065 0.824719 0.824719 0.824719
7072.073730 0.000000 4371.866699 0.000000 0.844457 0.000000 0.535623 0.760487 0.760487 0.760487
7064.555176 0.000000 4402.992188 0.000000 0.351678 0.000000 -0.936121 0.884683 0.884683 0.884683
7071.743652 0.000000 4354.192383 0.000000 0.388823 0.000000 0.921313 0.718112 0.718112 0.718112
7059.556152 0.000000 4457.411133 0.000000 0.916281 0.000000 -0.400537 0.832100 0.832100 0.832100
7092.407227 0.000000 4470.598633 0.000000 0.337634 0.000000 -0.941277 0.902875 0.902875 0.902875
7067.078613 0.000000 4463.772461 0.000000 0.994977 0.000000 -0.100102 0.808011 0.808011 0.808011
7063.140137 0.000000 4359.376465 0.000000 0.993955 0.000000 0.109784 0.792969 0.792969 0.792969
7067.045410 0.000000 4380.920410 0.000000 0.479805 0.000000 -0.877375 0.866271 0.866271 0.866271
7058.882812 0.000000 4371.738770 0.000000 0.998615 0.000000 -0.052620 0.803575 0.803575 0.803575
7059.022949 0.000000 4399.119629 0.000000 0.519971 0.000000 -0.854184 0.867489 0.867489 0.867489
7039.998535 0.000000 4422.143066 0.000000 0.925572 0.000000 -0.378573 0.834119 0.834119 0.834119
7062.801758 0.000000 4458.669434 0.000000 0.677222 0.000000 0.735779 0.730643 0.730643 0.730643
7065.556152 0.000000 4456.418457 0.000000 0.201625 0.000000 -0.979463 0.922930 0.922930 0.922930
7067.489746 0.000000 4363.102539 0.000000 0.840492 0.000000 0.541824 0.759973 0.759973 0.759973
7071.836914 0.000000 4465.925781 0.000000 0.390074 0.000000 -0.920784 0.905162 0.905162 0.905162
7076.834961 0.000000 4450.930176 0.000000 0.809620 0.000000 0.586955 0.743622 0.743622 0.743622
7044.975586 0.000000 4447.423828 0.000000 0.589873 0.000000 -0.807496 0.890105 0.890105 0.890105
7058.043457 0.000000 4374.763672 0.000000 0.553136 0.000000 -0.833091 0.870799 0.870799 0.870799
7068.711426 0.000000 4469.911621 0.000000 0.809793 0.000000 -0.586715 0.857604 0.857604 0.857604
7039.119629 0.000000 4416.840820 0.000000 0.650150 0.000000 0.759806 0.736225 0.736225 0.736225
7096.444336 0.000000 4436.900879 0.000000 0.999203 0.000000 0.039912 0.796173 0.796173 0.796173
7073.185547 0.000000 4461.840332 0.000000 0.410545 0.000000 -0.911840 0.889400 0.889400 0.889400
7084.112793 0.000000 4473.283203 0.000000 0.064958 0.000000 -0.997888 0.923304 0.923304 0.923304
7084.289551 0.000000 4466.997559 0.000000 0.980250 0.000000 -0.197763 0.817097 0.817097 0.817097
7042.089355 0.000000 4446.663086 0.000000 0.938862 0.000000 -0.344294 0.827378 0.827378 0.827378
7069.457520 0.000000 4360.801270 0.000000 0.122047 0.000000 0.992524 0.652463 0.652463 0.652463
7076.230957 0.000000 4447.337891 0.000000 0.809077 0.000000 -0.587702 0.861480 0.861480 0.861480
7040.010742 0.000000 4438.092285 0.000000 0.570706 0.000000 0.821154 0.721108 0.721108 0.721108
7078.200195 0.000000 4474.728516 0.000000 0.989590 0.000000 0.143912 0.786444 0.786444 0.786444
7081.678223 0.000000 4471.012695 0.000000 0.278170 0.000000 -0.960532 0.918416 0.918416 0.918416
7063.584473 0.000000 4429.037598 0.000000 0.991634 0.000000 0.129085 0.785522 0.785522 0.785522
7084.820801 0.000000 4456.051758 0.000000 0.347790 0.000000 -0.937573 0.914107 0.914107 0.914107
7098.208984 0.000000 4477.449707 0.000000 0.836877 0.000000 -0.547391 0.848589 0.848589 0.848589
7071.912109 0.000000 4444.382812 0.000000 0.894185 0.000000 0.447697 0.749010 0.749010 0.749010
7077.509766 0.000000 4365.432617 0.000000 0.998279 0.000000 0.058645 0.795312 0.795312 0.795312
7045.214355 0.000000 4403.681641 0.000000 0.994424 0.000000 0.105453 0.789028 0.789028 0.789028
7044.701660 0.000000 4441.530273 0.000000 0.997837 0.000000 0.065739 0.792379 0.792379 0.792379
7053.109863 0.000000 4398.332031 0.000000 0.389499 0.000000 -0.921027 0.895866 0.895866 0.895866
7061.958984 0.000000 4405.026855 0.000000 0.074882 0.000000 0.997192 0.623734 0.623734 0.623734
7050.176758 0.000000 4400.270996 0.000000 0.946908 0.000000 -0.321505 0.834648 0.834648 0.834648
7066.867676 0.000000 4451.810059 0.000000 0.214979 0.000000 0.976619 0.648547 0.648547 0.648547
7058.999512 0.000000 4403.997559 0.000000 0.999297 0.000000 0.037481 0.795657 0.795657 0.795657
7052.363770 0.000000 4452.823242 0.000000 0.083473 0.000000 -0.996510 0.942577 0.942577 0.942577
7093.372559 0.000000 4460.359863 0.000000 0.310202 0.000000 0.950671 0.667112 0.667112 0.667112
7077.164551 0.000000 4453.885742 0.000000 0.869928 0.000000 0.493178 0.755708 0.755708 0.755708
7068.725586 0.000000 4422.518555 0.000000 0.735450 0.000000 0.677579 0.718222 0.718222 0.718222
7042.328125 0.000000 4412.551758 0.000000 0.371520 0.000000 -0.928425 0.937867 0.937867 0.937867
7073.714355 0.000000 4471.421387 0.000000 0.939772 0.000000 -0.341802 0.834139 0.834139 0.834139
7066.964844 0.000000 4407.710938 0.000000 0.821444 0.000000 -0.570289 0.861814 0.861814 0.861814
7081.348145 0.000000 4450.529297 0.000000 0.827458 0.000000 -0.561527 0.858350 0.858350 0.858350
7084.501953 0.000000 4417.023926 0.000000 0.999303 0.000000 0.037322 0.795825 0.795825 0.795825
7066.653320 0.000000 4357.241699 0.000000 0.387502 0.000000 0.921869 0.694587 0.694587 0.694587
7067.894043 0.000000 4448.517090 0.000000 0.145584 0.000000 -0.989346 0.979263 0.979263 0.979263
7047.778809 0.000000 4404.832031 0.000000 0.914380 0.000000 -0.404857 0.853280 0.853280 0.853280
7096.708008 0.000000 4455.583008 0.000000 0.691208 0.000000 -0.722656 0.893557 0.893557 0.893557
7093.226562 0.000000 4455.166992 0.000000 0.513105 0.000000 0.858326 0.670148 0.670148 0.670148
7087.438965 0.000000 4454.669434 0.000000 0.376353 0.000000 -0.926476 0.937263 0.937263 0.937263
7071.019531 0.000000 4411.520996 0.000000 0.448339 0.000000 0.893864 0.652015 0.652015 0.652015
7094.048828 0.000000 4465.621582 0.000000 0.589416 0.000000 0.807830 0.711719 0.711719 0.711719
7060.593750 0.000000 4453.212891 0.000000 0.893703 0.000000 0.448659 0.751679 0.751679 0.751679
7064.117676 0.000000 4444.137207 0.000000 0.698965 0.000000 0.715156 0.694961 0.694961 0.694961
7063.416504 0.000000 4434.574219 0.000000 0.895612 0.000000 -0.444835 0.859846 0.859846 0.859846
7057.648438 0.000000 4451.521973 0.000000 0.833621 0.000000 0.552336 0.731046 0.731046 0.731046
7064.604492 0.000000 4412.542480 0.000000 0.565836 0.000000 -0.824518 0.923905 0.923905 0.923905
7067.725098 0.000000 4432.022949 0.000000 0.739050 0.000000 -0.673651 0.890050 0.890050 0.890050
7064.910645 0.000000 4453.911133 0.000000 0.737566 0.000000 0.675275 0.723007 0.723007 0.723007
7063.984863 0.000000 4441.495117 0.000000 0.684075 0.000000 -0.729411 0.911021 0.911021 0.911021
7055.873535 0.000000 4422.612305 0.000000 0.894795 0.000000 -0.446478 0.861933 0.861933 0.861933
7073.308105 0.000000 4362.771973 0.000000 0.551460 0.000000 0.834201 0.693585 0.693585 0.693585
7062.737793 0.000000 4449.602539 0.000000 0.687990 0.000000 0.725720 0.699441 0.699441 0.699441
7092.977051 0.000000 4434.677246 0.000000 0.953924 0.000000 -0.300048 0.840779 0.840779 0.840779
7047.978516 0.000000 4437.406250 0.000000 0.995164 0.000000 -0.098231 0.813559 0.813559 0.813559
7066.426758 0.000000 4439.972168 0.000000 0.188510 0.000000 0.982071 0.617940 0.617940 0.617940
7075.006348 0.000000 4360.574707 0.000000 0.978658 0.000000 0.205496 0.779332 0.779332 0.779332
7096.490234 0.000000 4450.808594 0.000000 0.678221 0.000000 -0.734858 0.907161 0.907161 0.907161
7054.958984 0.000000 4433.827637 0.000000 0.983835 0.000000 0.179076 0.773749 0.773749 0.773749
7074.486816 0.000000 4442.031250 0.000000 0.533105 0.000000 -0.846049 0.918842 0.918842 0.918842
7058.180176 0.000000 4429.969727 0.000000 0.896324 0.000000 0.443400 0.744950 0.744950 0.744950
7081.479004 0.000000 4416.307617 0.000000 0.026370 0.000000 -0.999652 1.000498 1.000498 1.000498
7057.246582 0.000000 4405.853516 0.000000 0.769615 0.000000 0.638509 0.697643 0.697643 0.697643
7052.057617 0.000000 4424.996094 0.000000 0.882682 0.000000 -0.469971 0.872310 0.872310 0.872310
7043.885254 0.000000 4434.265137 0.000000 0.111183 0.000000 0.993800 0.636775 0.636775 0.636775
7054.892090 0.000000 4425.051270 0.000000 0.445277 0.000000 -0.895393 0.952874 0.952874 0.952874
7043.180176 0.000000 4407.404297 0.000000 0.844326 0.000000 0.535830 0.739011 0.739011 0.739011
7058.551758 0.000000 4437.288574 0.000000 0.824215 0.000000 0.566277 0.713434 0.713434 0.713434
7056.131348 0.000000 4437.629395 0.000000 0.587983 0.000000 -0.808873 0.935494 0.935494 0.935494
7063.208984 0.000000 4416.895996 0.000000 0.752315 0.000000 -0.658803 0.887625 0.887625 0.887625
7059.372559 0.000000 4412.323730 0.000000 0.140908 0.000000 0.990023 0.591593 0.591593 0.591593
7047.154297 0.000000 4430.435059 0.000000 0.997067 0.000000 0.076527 0.789443 0.789443 0.789443
7047.117188 0.000000 4446.275879 0.000000 0.233673 0.000000 0.972315 0.642694 0.642694 0.642694
7076.663086 0.000000 4433.716797 0.000000 0.721971 0.000000 -0.691923 0.923621 0.923621 0.923621
7072.789551 0.000000 4430.890625 0.000000 0.914159 0.000000 0.405357 0.739148 0.739148 0.739148
7096.485840 0.000000 4448.214844 0.000000 0.950076 0.000000 0.312020 0.759439 0.759439 0.759439
7056.056152 0.000000 4449.450684 0.000000 0.931410 0.000000 0.363972 0.750894 0.750894 0.750894
7044.329102 0.000000 4421.980469 0.000000 0.739687 0.000000 -0.672951 0.901730 0.901730 0.901730
7073.016113 0.000000 4415.510742 0.000000 0.944063 0.000000 0.329765 0.748319 0.748319 0.748319
7053.966309 0.000000 4429.835938 0.000000 0.267305 0.000000 0.963612 0.615626 0.615626 0.615626
7084.957520 0.000000 4450.973145 0.000000 0.046870 0.000000 -0.998901 0.982617 0.982617 0.982617
7084.844727 0.000000 4446.856445 0.000000 0.992721 0.000000 0.120435 0.783604 0.783604 0.783604
7067.785645 0.000000 4444.600098 0.000000 0.434834 0.000000 0.900511 0.654479 0.654479 0.654479
7082.718750 0.000000 4440.783203 0.000000 0.935006 0.000000 0.354633 0.744249 0.744249 0.744249
7072.805176 0.000000 4419.262695 0.000000 0.641826 0.000000 0.766851 0.676075 0.676075 0.676075
7070.230469 0.000000 4439.739258 0.000000 0.532314 0.000000 0.846547 0.679032 0.679032 0.679032
7074.683594 0.000000 4423.701172 0.000000 0.638553 0.000000 0.769578 0.668455 0.668455 0.668455
7079.241699 0.000000 4442.792480 0.000000 0.874026 0.000000 0.485880 0.728053 0.728053 0.728053
7047.083984 0.000000 4442.312012 0.000000 0.732875 0.000000 -0.680364 0.898634 0.898634 0.898634
7074.362793 0.000000 4426.036133 0.000000 0.968361 0.000000 0.249555 0.761212 0.761212 0.761212
7060.072754 0.000000 4409.210938 0.000000 0.226631 0.000000 -0.973981 0.987646 0.987646 0.987646
7047.473633 0.000000 4413.574219 0.000000 0.751331 0.000000 -0.659925 0.930990 0.930990 0.930990
7057.111328 0.000000 4414.993652 0.000000 0.802259 0.000000 0.596976 0.701618 0.701618 0.701618
7060.041016 0.000000 4447.845703 0.000000 0.208516 0.000000 -0.978019 0.976652 0.976652 0.976652
7044.534668 0.000000 4411.529785 0.000000 0.064167 0.000000 0.997939 0.580342 0.580342 0.580342
7063.080078 0.000000 4436.767578 0.000000 0.959322 0.000000 0.282316 0.762273 0.762273 0.762273
7086.914062 0.000000 4440.201660 0.000000 0.389178 0.000000 -0.921163 0.996466 0.996466 0.996466
7044.473145 0.000000 4418.723633 0.000000 0.600993 0.000000 0.799254 0.661284 0.661284 0.661284
7055.906738 0.000000 4446.257812 0.000000 0.960794 0.000000 -0.277262 0.839278 0.839278 0.839278
7057.418457 0.000000 4408.089844 0.000000 0.469773 0.000000 -0.882787 0.979325 0.979325 0.979325
7093.833984 0.000000 4437.200195 0.000000 0.221122 0.000000 -0.975246 0.980360 0.980360 0.980360
7050.649414 0.000000 4416.618164 0.000000 0.838359 0.000000 -0.545119 0.910541 0.910541 0.910541
7053.357910 0.000000 4412.115234 0.000000 0.999975 0.000000 -0.007061 0.801382 0.801382 0.801382
7076.656738 0.000000 4417.174805 0.000000 0.725848 0.000000 -0.687855 0.922712 0.922712 0.922712
7047.204590 0.000000 4433.352539 0.000000 0.981754 0.000000 0.190154 0.774399 0.774399 0.774399
7061.816406 0.000000 4440.598633 0.000000 0.988877 0.000000 -0.148736 0.819977 0.819977 0.819977
7089.385742 0.000000 4436.629883 0.000000 0.964167 0.000000 0.265297 0.754416 0.754416 0.754416
7095.383301 0.000000 4445.450195 0.000000 0.004375 0.000000 -0.999990 1.025253 1.025253 1.025253
7089.586426 0.000000 4443.433594 0.000000 0.973545 0.000000 0.228494 0.759943 0.759943 0.759943
7051.796387 0.000000 4434.882324 0.000000 0.346835 0.000000 0.937926 0.627481 0.627481 0.627481
7076.663086 0.000000 4422.904785 0.000000 0.457145 0.000000 0.889392 0.620502 0.620502 0.620502
7082.921875 0.000000 4420.767578 0.000000 0.692954 0.000000 -0.720982 0.922224 0.922224 0.922224
7049.643066 0.000000 4413.676758 0.000000 0.027363 0.000000 -0.999626 1.105177 1.105177 1.105177
7088.052734 0.000000 4446.758301 0.000000 0.997053 0.000000 0.076716 0.787424 0.787424 0.787424
7056.959473 0.000000 4433.033203 0.000000 0.068419 0.000000 0.997657 0.574963 0.574963 0.574963
7083.822754 0.000000 4436.873047 0.000000 0.830837 0.000000 -0.556515 0.913159 0.913159 0.913159
7075.162598 0.000000 4429.443359 0.000000 0.879380 0.000000 -0.476120 0.883253 0.883253 0.883253
7053.897949 0.000000 4418.089355 0.000000 0.845053 0.000000 -0.534682 0.893517 0.893517 0.893517
7075.446289 0.000000 4419.247559 0.000000 0.523796 0.000000 0.851844 0.635070 0.635070 0.635070
7054.393555 0.000000 4414.816406 0.000000 0.608542 0.000000 -0.793522 0.962925 0.962925 0.962925
7051.944824 0.000000 4420.695312 0.000000 0.669858 0.000000 0.742490 0.659615 0.659615 0.659615
7056.271484 0.000000 4411.208984 0.000000 0.970477 0.000000 -0.241194 0.842814 0.842814 0.842814
7086.041992 0.000000 4436.451172 0.000000 0.919879 0.000000 -0.392203 0.874859 0.874859 0.874859
7079.028320 0.000000 4429.811523 0.000000 0.762886 0.000000 0.646533 0.668013 0.668013 0.668013
7076.142090 0.000000 4427.134766 0.000000 0.984384 0.000000 0.176036 0.769959 0.769959 0.769959
7080.665039 0.000000 4428.782715 0.000000 0.999981 0.000000 0.006143 0.798785 0.798785 0.798785
7082.715820 0.000000 4430.928711 0.000000 0.924056 0.000000 -0.382258 0.879906 0.879906 0.879906
7081.383789 0.000000 4486.755859 0.000000 0.958434 0.000000 0.285315 0.795377 0.795377 0.795377
7045.779297 0.000000 4487.457031 0.000000 0.468895 0.000000 -0.883254 0.819463 0.819463 0.819463
7073.602539 0.000000 4502.775391 0.000000 0.009321 0.000000 -0.999957 0.840542 0.840542 0.840542
7070.451660 0.000000 4492.042969 0.000000 0.002993 0.000000 0.999996 0.759293 0.759293 0.759293
7049.471191 0.000000 4492.364258 0.000000 0.707730 0.000000 -0.706483 0.828204 0.828204 0.828204
7069.073242 0.000000 4501.266113 0.000000 0.748282 0.000000 -0.663380 0.828973 0.828973 0.828973
7069.788574 0.000000 4485.053711 0.000000 0.992059 0.000000 -0.125773 0.805289 0.805289 0.805289
7084.701660 0.000000 4483.978027 0.000000 0.826828 0.000000 -0.562455 0.823861 0.823861 0.823861
7065.073730 0.000000 4503.324219 0.000000 0.490774 0.000000 -0.871287 0.859156 0.859156 0.859156
7099.052246 0.000000 4494.051758 0.000000 0.794270 0.000000 -0.607565 0.829996 0.829996 0.829996
7059.694824 0.000000 4482.987793 0.000000 0.919870 0.000000 0.392224 0.779070 0.779070 0.779070
7078.335938 0.000000 4483.726074 0.000000 0.253637 0.000000 -0.967300 0.860377 0.860377 0.860377
7055.882812 0.000000 4486.103027 0.000000 0.875100 0.000000 0.483942 0.770742 0.770742 0.770742
7061.813477 0.000000 4490.404297 0.000000 0.975589 0.000000 -0.219604 0.813708 0.813708 0.813708
7087.841309 0.000000 4481.705078 0.000000 0.429801 0.000000 -0.902924 0.853998 0.853998 0.853998
7081.642578 0.000000 4481.781250 0.000000 0.995509 0.000000 -0.094668 0.804923 0.804923 0.804923
7092.045410 0.000000 4484.425293 0.000000 0.248850 0.000000 -0.968542 0.876414 0.876414 0.876414
7065.980957 0.000000 4481.409668 0.000000 0.071348 0.000000 0.997451 0.713156 0.713156 0.713156
7096.072754 0.000000 4479.572754 0.000000 0.941494 0.000000 0.337028 0.771851 0.771851 0.771851
7098.764648 0.000000 4483.070801 0.000000 0.783830 0.000000 0.620976 0.735770 0.735770 0.735770
7101.327148 0.000000 4488.849121 0.000000 0.189347 0.000000 0.981910 0.678701 0.678701 0.678701
7103.573242 0.000000 4386.618652 0.000000 0.987450 0.000000 -0.157934 0.800634 0.800634 0.800634
7198.897461 0.000000 4363.802734 0.000000 0.031443 0.000000 -0.999506 0.809223 0.809223 0.809223
7166.259277 0.000000 4463.131348 0.000000 0.999421 0.000000 0.034026 0.799728 0.799728 0.799728
7133.741699 0.000000 4410.659180 0.000000 0.366004 0.000000 0.930613 0.790445 0.790445 0.790445
7148.551758 0.000000 4360.550781 0.000000 0.763745 0.000000 -0.645518 0.808409 0.808409 0.808409
7185.005371 0.000000 4372.791016 0.000000 0.311635 0.000000 0.950202 0.787479 0.787479 0.787479
7133.616699 0.000000 4451.521973 0.000000 0.028694 0.000000 0.999588 0.781520 0.781520 0.781520
7185.805176 0.000000 4381.392090 0.000000 0.558669 0.000000 -0.829391 0.815627 0.815627 0.815627
7169.657227 0.000000 4435.307617 0.000000 0.886010 0.000000 0.463666 0.786519 0.786519 0.786519
7140.484863 0.000000 4428.921875 0.000000 0.987833 0.000000 0.155515 0.795010 0.795010 0.795010
7186.133301 0.000000 4367.770508 0.000000 0.447467 0.000000 0.894301 0.762419 0.762419 0.762419
7187.126465 0.000000 4351.936035 0.000000 0.387317 0.000000 -0.921947 0.830458 0.830458 0.830458
7145.446289 0.000000 4453.088867 0.000000 0.994661 0.000000 -0.103192 0.804129 0.804129 0.804129
7145.732422 0.000000 4406.707520 0.000000 0.748366 0.000000 0.663286 0.775377 0.775377 0.775377
7138.580078 0.000000 4409.822266 0.000000 0.870472 0.000000 0.492218 0.784582 0.784582 0.784582
7180.693848 0.000000 4355.993652 0.000000 0.307370 0.000000 -0.951590 0.845239 0.845239 0.845239
7142.216797 0.000000 4435.382812 0.000000 0.877432 0.000000 -0.479701 0.826980 0.826980 0.826980
7181.097656 0.000000 4360.548828 0.000000 0.609100 0.000000 -0.793093 0.849389 0.849389 0.849389
7155.687012 0.000000 4355.003418 0.000000 0.813874 0.000000 -0.581041 0.830958 0.830958 0.830958
7150.994629 0.000000 4451.788574 0.000000 0.879195 0.000000 -0.476462 0.825789 0.825789 0.825789
7192.395020 0.000000 4417.538574 0.000000 0.164591 0.000000 -0.986362 0.864562 0.864562 0.864562
7155.456055 0.000000 4414.750977 0.000000 0.839049 0.000000 -0.544056 0.825277 0.825277 0.825277
7104.786133 0.000000 4462.292969 0.000000 0.996215 0.000000 -0.086922 0.804346 0.804346 0.804346
7169.392090 0.000000 4448.312012 0.000000 0.492717 0.000000 0.870190 0.751510 0.751510 0.751510
7105.258789 0.000000 4469.511719 0.000000 0.969420 0.000000 0.245408 0.787620 0.787620 0.787620
7138.791992 0.000000 4420.155273 0.000000 0.649193 0.000000 -0.760624 0.846606 0.846606 0.846606
7103.862305 0.000000 4375.554688 0.000000 0.808907 0.000000 -0.587937 0.832637 0.832637 0.832637
7141.781250 0.000000 4425.636230 0.000000 0.749402 0.000000 -0.662116 0.840468 0.840468 0.840468
7147.514648 0.000000 4450.072754 0.000000 0.025961 0.000000 -0.999663 0.895647 0.895647 0.895647
7159.029297 0.000000 4452.128418 0.000000 0.887557 0.000000 0.460699 0.771313 0.771313 0.771313
7163.152832 0.000000 4428.687500 0.000000 0.680248 0.000000 0.732982 0.749063 0.749063 0.749063
7184.793945 0.000000 4407.736328 0.000000 0.412123 0.000000 -0.911128 0.866377 0.866377 0.866377
7103.489746 0.000000 4447.135742 0.000000 0.096830 0.000000 -0.995301 0.891250 0.891250 0.891250
7179.728516 0.000000 4404.510254 0.000000 0.067570 0.000000 -0.997715 0.923090 0.923090 0.923090
7172.692871 0.000000 4396.576172 0.000000 0.922397 0.000000 -0.386242 0.833265 0.833265 0.833265
7181.530762 0.000000 4387.707520 0.000000 0.178667 0.000000 0.983910 0.694417 0.694417 0.694417
7141.679199 0.000000 4416.767578 0.000000 0.217344 0.000000 0.976095 0.689313 0.689313 0.689313
7189.078613 0.000000 4405.943359 0.000000 0.446405 0.000000 -0.894831 0.899587 0.899587 0.899587
7155.521484 0.000000 4420.912598 0.000000 0.890221 0.000000 -0.455529 0.838730 0.838730 0.838730
7142.788574 0.000000 4422.770020 0.000000 0.167426 0.000000 -0.985885 0.914853 0.914853 0.914853
7145.277344 0.000000 4441.657715 0.000000 0.805606 0.000000 0.592452 0.735411 0.735411 0.735411
7147.027344 0.000000 4447.187988 0.000000 0.966933 0.000000 -0.255030 0.823692 0.823692 0.823692
7195.001953 0.000000 4395.649902 0.000000 0.123628 0.000000 -0.992329 0.947375 0.947375 0.947375
7197.945312 0.000000 4414.938965 0.000000 0.951487 0.000000 0.307688 0.770016 0.770016 0.770016
7145.127930 0.000000 4418.271484 0.000000 0.609516 0.000000 0.792774 0.695795 0.695795 0.695795
7192.291016 0.000000 4393.672852 0.000000 0.957955 0.000000 -0.286917 0.835454 0.835454 0.835454
7175.395996 0.000000 4395.761230 0.000000 0.036402 0.000000 -0.999337 0.968549 0.968549 0.968549
7193.035645 0.000000 4398.767578 0.000000 0.981979 0.000000 -0.188990 0.823164 0.823164 0.823164
7146.715332 0.000000 4427.091797 0.000000 0.994063 0.000000 -0.108810 0.810888 0.810888 0.810888
7151.865723 0.000000 4422.612305 0.000000 0.871076 0.000000 -0.491148 0.861524 0.861524 0.861524
7162.418945 0.000000 4439.972168 0.000000 0.011092 0.000000 -0.999938 1.005597 1.005597 1.005597
7150.951172 0.000000 4433.827637 0.000000 0.985623 0.000000 0.168960 0.774230 0.774230 0.774230
7187.895020 0.000000 4392.284668 0.000000 0.719085 0.000000 -0.694922 0.905881 0.905881 0.905881
7149.960938 0.000000 4420.191406 0.000000 0.926690 0.000000 0.375827 0.755368 0.755368 0.755368
7154.172363 0.000000 4429.969727 0.000000 0.435264 0.000000 -0.900303 0.972313 0.972313 0.972313
7199.303223 0.000000 4410.449707 0.000000 0.094435 0.000000 -0.995531 0.968057 0.968057 0.968057
7148.049805 0.000000 4424.996094 0.000000 0.686634 0.000000 0.727003 0.699210 0.699210 0.699210
7150.884277 0.000000 4425.051270 0.000000 0.456351 0.000000 -0.889800 0.946782 0.946782 0.946782
7185.560547 0.000000 4391.547852 0.000000 0.988737 0.000000 -0.149660 0.820102 0.820102 0.820102
7149.958496 0.000000 4429.835938 0.000000 0.489106 0.000000 0.872224 0.662425 0.662425 0.662425
7177.693359 0.000000 4396.174316 0.000000 0.392125 0.000000 0.919912 0.648388 0.648388 0.648388
7154.867188 0.000000 4427.501953 0.000000 0.844453 0.000000 0.535630 0.723232 0.723232 0.723232
7181.521484 0.000000 4399.325684 0.000000 0.981261 0.000000 0.192682 0.771731 0.771731 0.771731
7188.831055 0.000000 4397.100586 0.000000 0.992035 0.000000 -0.125966 0.818415 0.818415 0.818415
7159.072266 0.000000 4436.767578 0.000000 0.076495 0.000000 0.997070 0.552301 0.552301 0.552301
7157.808594 0.000000 4440.598633 0.000000 0.354154 0.000000 -0.935187 1.019696 1.019696 1.019696
7181.271973 0.000000 4396.670410 0.000000 0.999666 0.000000 0.025861 0.796074 0.796074 0.796074
7184.954590 0.000000 4398.867188 0.000000 0.968682 0.000000 0.248303 0.761912 0.761912 0.761912
7152.951660 0.000000 4433.033203 0.000000 0.717396 0.000000 0.696665 0.670695 0.670695 0.670695
7155.093750 0.000000 4434.647461 0.000000 0.786853 0.000000 -0.617141 0.927524 0.927524 0.927524
7155.676758 0.000000 4440.292969 0.000000 0.946427 0.000000 -0.322919 0.859761 0.859761 0.859761
7156.709961 0.000000 4433.552734 0.000000 0.914052 0.000000 0.405598 0.722428 0.722428 0.722428
7213.623535 0.000000 4437.591309 0.000000 0.216272 0.000000 0.976333 0.791894 0.791894 0.791894
7217.528320 0.000000 4373.213379 0.000000 0.975617 0.000000 0.219479 0.796464 0.796464 0.796464
7204.737793 0.000000 4390.330078 0.000000 0.834278 0.000000 -0.551343 0.811663 0.811663 0.811663
7286.349121 0.000000 4391.602051 0.000000 0.853131 0.000000 -0.521697 0.810962 0.810962 0.810962
7213.183105 0.000000 4431.168945 0.000000 0.894399 0.000000 0.447270 0.791665 0.791665 0.791665
7208.269043 0.000000 4351.645508 0.000000 0.959821 0.000000 -0.280614 0.811930 0.811930 0.811930
7279.132812 0.000000 4377.367188 0.000000 0.724429 0.000000 0.689349 0.775695 0.775695 0.775695
7209.530762 0.000000 4410.037598 0.000000 0.908568 0.000000 -0.417737 0.815493 0.815493 0.815493
7199.416016 0.000000 4391.251953 0.000000 0.744829 0.000000 0.667256 0.760606 0.760606 0.760606
7207.624023 0.000000 4417.443359 0.000000 0.540546 0.000000 -0.841315 0.861897 0.861897 0.861897
7204.383789 0.000000 4424.248535 0.000000 0.985602 0.000000 0.169083 0.789820 0.789820 0.789820
7289.595703 0.000000 4358.090332 0.000000 0.029104 0.000000 0.999576 0.726101 0.726101 0.726101
7285.208008 0.000000 4382.593750 0.000000 0.096438 0.000000 0.995339 0.711670 0.711670 0.711670
7207.866211 0.000000 4422.190430 0.000000 0.990575 0.000000 -0.136974 0.807959 0.807959 0.807959
7206.532227 0.000000 4411.393555 0.000000 1.000000 0.000000 0.000112 0.799992 0.799992 0.799992
7199.509277 0.000000 4398.519531 0.000000 0.984434 0.000000 -0.175755 0.814820 0.814820 0.814820
7290.749023 0.000000 4355.086426 0.000000 0.987513 0.000000 -0.157539 0.811691 0.811691 0.811691
7204.388184 0.000000 4417.306641 0.000000 0.921299 0.000000 -0.388855 0.830312 0.830312 0.830312
7202.220215 0.000000 4402.076660 0.000000 0.814210 0.000000 -0.580571 0.851960 0.851960 0.851960
7201.867676 0.000000 4414.848145 0.000000 0.438562 0.000000 -0.898701 0.911526 0.911526 0.911526
7202.132812 0.000000 4408.889160 0.000000 0.459321 0.000000 -0.888270 0.911390 0.911390 0.911390
7200.395020 0.000000 4405.353027 0.000000 0.472631 0.000000 -0.881261 0.916320 0.916320 0.916320
7110.957031 0.000000 4495.554688 0.000000 0.998973 0.000000 0.045310 0.798733 0.798733 0.798733
7108.415527 0.000000 4480.815918 0.000000 0.840010 0.000000 -0.542571 0.834362 0.834362 0.834362
7107.149414 0.000000 4486.778809 0.000000 0.473040 0.000000 -0.881041 0.875360 0.875360 0.875360
7104.962891 0.000000 4488.825684 0.000000 0.701764 0.000000 0.712409 0.735070 0.735070 0.735070
7302.690918 0.000000 4305.799805 0.000000 0.967456 0.000000 0.253039 0.796423 0.796423 0.796423
7301.990723 0.000000 4274.802734 0.000000 0.072747 0.000000 0.997350 0.764098 0.764098 0.764098
7310.366211 0.000000 4331.180664 0.000000 0.947906 0.000000 0.318549 0.785755 0.785755 0.785755
7300.189941 0.000000 4309.686523 0.000000 0.976771 0.000000 -0.214285 0.809489 0.809489 0.809489
7302.968750 0.000000 4317.362305 0.000000 0.999854 0.000000 -0.017069 0.801159 0.801159 0.801159
7307.981445 0.000000 4328.431641 0.000000 0.064931 0.000000 -0.997890 0.911277 0.911277 0.911277
7305.701660 0.000000 4344.989258 0.000000 0.986473 0.000000 0.163924 0.788489 0.788489 0.788489
7307.285156 0.000000 4331.333496 0.000000 0.687367 0.000000 0.726310 0.741549 0.741549 0.741549
7303.701172 0.000000 4326.409180 0.000000 0.970718 0.000000 0.240222 0.774321 0.774321 0.774321
7304.847168 0.000000 4336.983398 0.000000 0.984857 0.000000 0.173367 0.784339 0.784339 0.784339
7299.414551 0.000000 4322.719238 0.000000 0.992199 0.000000 0.124667 0.785771 0.785771 0.785771
7300.494141 0.000000 4344.991699 0.000000 0.862779 0.000000 -0.505581 0.857167 0.857167 0.857167
7302.549316 0.000000 4339.774902 0.000000 0.993862 0.000000 -0.110623 0.810627 0.810627 0.810627
7296.211914 0.000000 4314.086426 0.000000 0.759776 0.000000 0.650185 0.730729 0.730729 0.730729
7297.369141 0.000000 4324.717773 0.000000 0.956002 0.000000 0.293360 0.763131 0.763131 0.763131
7295.492188 0.000000 4343.848633 0.000000 0.653696 0.000000 0.756758 0.700570 0.700570 0.700570
7297.942871 0.000000 4318.869629 0.000000 0.723198 0.000000 -0.690641 0.877655 0.877655 0.877655
7297.438965 0.000000 4331.910156 0.000000 0.491809 0.000000 0.870703 0.667048 0.667048 0.667048
7295.656250 0.000000 4354.750000 0.000000 0.918715 0.000000 -0.394921 0.838921 0.838921 0.838921
7439.729492 0.000000 4525.279785 0.000000 0.959338 0.000000 0.282260 0.798857 0.798857 0.798857
7432.345703 0.000000 4576.335938 0.000000 0.460342 0.000000 0.887741 0.782546 0.782546 0.782546
7448.632324 0.000000 4554.300781 0.000000 0.664614 0.000000 0.747187 0.784832 0.784832 0.784832
7467.722656 0.000000 4586.893066 0.000000 0.410937 0.000000 0.911664 0.770211 0.770211 0.770211
7431.621582 0.000000 4507.654785 0.000000 0.976226 0.000000 0.216756 0.793018 0.793018 0.793018
7444.546387 0.000000 4557.265625 0.000000 0.866270 0.000000 -0.499577 0.819851 0.819851 0.819851
7466.232910 0.000000 4546.729004 0.000000 0.933119 0.000000 -0.359569 0.811754 0.811754 0.811754
7392.843262 0.000000 4545.514648 0.000000 0.163891 0.000000 -0.986479 0.850552 0.850552 0.850552
7466.206543 0.000000 4566.278809 0.000000 0.398426 0.000000 -0.917200 0.837101 0.837101 0.837101
7474.465332 0.000000 4569.416504 0.000000 0.598770 0.000000 -0.800921 0.833392 0.833392 0.833392
7401.515137 0.000000 4538.021973 0.000000 0.616881 0.000000 -0.787056 0.834381 0.834381 0.834381
7478.396973 0.000000 4585.683594 0.000000 0.940263 0.000000 -0.340449 0.815264 0.815264 0.815264
7437.230957 0.000000 4550.726074 0.000000 0.842123 0.000000 -0.539285 0.828440 0.828440 0.828440
7441.057617 0.000000 4529.871094 0.000000 0.216652 0.000000 0.976249 0.732473 0.732473 0.732473
7438.037598 0.000000 4514.219238 0.000000 0.998064 0.000000 -0.062201 0.803108 0.803108 0.803108
7422.562988 0.000000 4530.051270 0.000000 0.395887 0.000000 0.918299 0.744217 0.744217 0.744217
7434.035645 0.000000 4520.797363 0.000000 0.290868 0.000000 -0.956763 0.856052 0.856052 0.856052
7424.716309 0.000000 4515.077637 0.000000 0.232487 0.000000 -0.972599 0.866716 0.866716 0.866716
7434.647461 0.000000 4566.938477 0.000000 0.108704 0.000000 -0.994074 0.893431 0.893431 0.893431
7421.464355 0.000000 4534.925293 0.000000 0.918606 0.000000 0.395175 0.776470 0.776470 0.776470
7441.026367 0.000000 4563.230957 0.000000 0.188153 0.000000 -0.982140 0.868980 0.868980 0.868980
7476.404297 0.000000 4591.317383 0.000000 0.999989 0.000000 -0.004653 0.800279 0.800279 0.800279
7470.885742 0.000000 4588.836914 0.000000 0.951782 0.000000 -0.306774 0.818682 0.818682 0.818682
7433.704590 0.000000 4563.549316 0.000000 0.995294 0.000000 0.096903 0.794185 0.794185 0.794185
7464.791992 0.000000 4558.557129 0.000000 0.907805 0.000000 -0.419393 0.831117 0.831117 0.831117
7426.832520 0.000000 4523.732422 0.000000 0.875333 0.000000 0.483520 0.772785 0.772785 0.772785
7439.840332 0.000000 4509.211426 0.000000 0.829073 0.000000 -0.559141 0.846217 0.846217 0.846217
7440.584473 0.000000 4555.979980 0.000000 0.801107 0.000000 0.598521 0.752583 0.752583 0.752583
7435.230469 0.000000 4507.313477 0.000000 0.970682 0.000000 -0.240366 0.814544 0.814544 0.814544
7448.523926 0.000000 4530.976562 0.000000 0.954641 0.000000 -0.297761 0.818720 0.818720 0.818720
7442.775879 0.000000 4602.048340 0.000000 0.992953 0.000000 -0.118506 0.808778 0.808778 0.808778
7435.370605 0.000000 4557.605469 0.000000 0.680299 0.000000 0.732935 0.747425 0.747425 0.747425
7473.840332 0.000000 4573.687012 0.000000 0.372629 0.000000 0.927981 0.702640 0.702640 0.702640
7444.644043 0.000000 4553.925293 0.000000 0.205586 0.000000 -0.978639 0.895329 0.895329 0.895329
7475.902832 0.000000 4579.583984 0.000000 0.929868 0.000000 -0.367893 0.832355 0.832355 0.832355
7434.818359 0.000000 4513.099121 0.000000 0.338667 0.000000 -0.940906 0.907677 0.907677 0.907677
7475.318359 0.000000 4585.199219 0.000000 0.919915 0.000000 0.392119 0.771029 0.771029 0.771029
7438.211426 0.000000 4603.790039 0.000000 0.911339 0.000000 -0.411658 0.838132 0.838132 0.838132
7470.630859 0.000000 4576.317383 0.000000 0.816957 0.000000 0.576699 0.742300 0.742300 0.742300
7432.008789 0.000000 4515.426758 0.000000 0.711381 0.000000 -0.702807 0.879383 0.879383 0.879383
7433.370117 0.000000 4510.071777 0.000000 0.945452 0.000000 0.325761 0.774154 0.774154 0.774154
7443.498047 0.000000 4548.896973 0.000000 0.544623 0.000000 -0.838681 0.885440 0.885440 0.885440
7442.288086 0.000000 4545.587891 0.000000 0.092226 0.000000 0.995738 0.664171 0.664171 0.664171
7446.097656 0.000000 4536.151367 0.000000 0.026342 0.000000 0.999653 0.667361 0.667361 0.667361
7428.517090 0.000000 4513.302246 0.000000 0.241944 0.000000 -0.970290 0.919214 0.919214 0.919214
7445.927734 0.000000 4533.011230 0.000000 0.424498 0.000000 0.905429 0.677871 0.677871 0.677871
7442.968262 0.000000 4531.981934 0.000000 0.566234 0.000000 0.824245 0.718728 0.718728 0.718728
7436.166992 0.000000 4606.237305 0.000000 0.692573 0.000000 0.721348 0.719537 0.719537 0.719537
7440.927246 0.000000 4604.291016 0.000000 0.492459 0.000000 0.870336 0.679795 0.679795 0.679795
7396.606934 0.000000 4525.251465 0.000000 0.847253 0.000000 -0.531189 0.852568 0.852568 0.852568
7394.117188 0.000000 4536.873535 0.000000 0.283398 0.000000 0.959002 0.648761 0.648761 0.648761
7402.978027 0.000000 4531.198242 0.000000 0.658297 0.000000 -0.752758 0.890213 0.890213 0.890213
7400.539062 0.000000 4531.421387 0.000000 0.251260 0.000000 0.967920 0.608010 0.608010 0.608010
7397.261719 0.000000 4534.201172 0.000000 0.308373 0.000000 0.951266 0.611663 0.611663 0.611663
7396.320801 0.000000 4529.239746 0.000000 0.743205 0.000000 -0.669064 0.906863 0.906863 0.906863
7399.132324 0.000000 4529.145508 0.000000 0.593235 0.000000 -0.805029 0.958854 0.958854 0.958854
7430.653320 0.000000 4611.592773 0.000000 0.990963 0.000000 0.134135 0.792745 0.792745 0.792745
7433.197754 0.000000 4614.979492 0.000000 0.622851 0.000000 -0.782340 0.868185 0.868185 0.868185
7441.090820 0.000000 4611.730957 0.000000 0.113957 0.000000 -0.993486 0.992005 0.992005 0.992005
7438.221191 0.000000 4607.676758 0.000000 0.838921 0.000000 -0.544252 0.880458 0.880458 0.880458
"}
