object={
	name="tree_pine_01_b_generator_1_0"
	clamp_to_water_level=no
	render_under_water=no
	generated_content=yes
	layer="tree_high_layer"
	pdxmesh="tree_pine_01_b_mesh"
	count=7
	transform="5663.650879 0.000000 5745.971680 0.000000 0.831273 0.000000 0.555865 0.400000 0.400000 0.400000
3452.758789 0.000000 6952.907715 0.000000 0.833778 0.000000 0.552099 0.400000 0.400000 0.400000
3428.569092 0.000000 7050.489746 0.000000 0.788733 0.000000 0.614736 0.400000 0.400000 0.400000
3436.758545 0.000000 7072.286133 0.000000 0.936218 0.000000 0.351419 0.400000 0.400000 0.400000
3456.067139 0.000000 6972.571289 0.000000 0.085440 0.000000 0.996343 0.400000 0.400000 0.400000
3455.811279 0.000000 6962.657715 0.000000 0.606725 0.000000 0.794912 0.400000 0.400000 0.400000
3462.184570 0.000000 7024.844238 0.000000 0.049549 0.000000 0.998772 0.400000 0.400000 0.400000
"}
